        TIME,    TIDE,      OB,   SURGE,    BIAS,     TWL,SURGE90p,  TWL90p,SURGE10p,   TWL10p
202604070000,   2.028,   1.810,   0.000,  -0.218,   1.810,   0.000,   1.810,   0.000,   1.810
202604070006,   2.112,9999.000,9999.000,9999.000,9999.000,9999.000,9999.000,9999.000,9999.000
202604070012,   2.196,   1.981,9999.000,9999.000,9999.000,9999.000,9999.000,9999.000,9999.000
202604070018,   2.280,9999.000,9999.000,9999.000,9999.000,9999.000,9999.000,9999.000,9999.000
202604070024,   2.364,   2.200,9999.000,9999.000,9999.000,9999.000,9999.000,9999.000,9999.000
202604070030,   2.448,9999.000,9999.000,9999.000,9999.000,9999.000,9999.000,9999.000,9999.000
202604070036,   2.531,   2.259,9999.000,9999.000,9999.000,9999.000,9999.000,9999.000,9999.000
202604070042,   2.614,9999.000,9999.000,9999.000,9999.000,9999.000,9999.000,9999.000,9999.000
202604070048,   2.696,   2.410,9999.000,9999.000,9999.000,9999.000,9999.000,9999.000,9999.000
202604070054,   2.777,9999.000,9999.000,9999.000,9999.000,9999.000,9999.000,9999.000,9999.000
202604070100,   2.857,   2.568,   0.000,  -0.289,   2.568,   0.000,   2.568,   0.000,   2.568
202604070106,   2.936,   2.630,9999.000,9999.000,9999.000,9999.000,9999.000,9999.000,9999.000
202604070112,   3.014,   2.669,9999.000,9999.000,9999.000,9999.000,9999.000,9999.000,9999.000
202604070118,   3.091,   2.748,9999.000,9999.000,9999.000,9999.000,9999.000,9999.000,9999.000
202604070124,   3.166,   2.889,9999.000,9999.000,9999.000,9999.000,9999.000,9999.000,9999.000
202604070130,   3.240,   2.968,9999.000,9999.000,9999.000,9999.000,9999.000,9999.000,9999.000
202604070136,   3.312,   2.968,9999.000,9999.000,9999.000,9999.000,9999.000,9999.000,9999.000
202604070142,   3.382,   3.089,9999.000,9999.000,9999.000,9999.000,9999.000,9999.000,9999.000
202604070148,   3.450,   3.158,9999.000,9999.000,9999.000,9999.000,9999.000,9999.000,9999.000
202604070154,   3.517,   3.240,9999.000,9999.000,9999.000,9999.000,9999.000,9999.000,9999.000
202604070200,   3.581,   3.329,   0.000,  -0.252,   3.329,   0.000,   3.329,   0.000,   3.329
202604070206,   3.643,   3.407,9999.000,9999.000,9999.000,9999.000,9999.000,9999.000,9999.000
202604070212,   3.702,   3.480,9999.000,9999.000,9999.000,9999.000,9999.000,9999.000,9999.000
202604070218,   3.759,   3.617,9999.000,9999.000,9999.000,9999.000,9999.000,9999.000,9999.000
202604070224,   3.813,   3.689,9999.000,9999.000,9999.000,9999.000,9999.000,9999.000,9999.000
202604070230,   3.864,   3.739,9999.000,9999.000,9999.000,9999.000,9999.000,9999.000,9999.000
202604070236,   3.912,   3.739,9999.000,9999.000,9999.000,9999.000,9999.000,9999.000,9999.000
202604070242,   3.957,   3.798,9999.000,9999.000,9999.000,9999.000,9999.000,9999.000,9999.000
202604070248,   3.999,   3.860,9999.000,9999.000,9999.000,9999.000,9999.000,9999.000,9999.000
202604070254,   4.037,   3.909,9999.000,9999.000,9999.000,9999.000,9999.000,9999.000,9999.000
202604070300,   4.071,   3.958,   0.000,  -0.113,   3.958,   0.000,   3.958,   0.000,   3.958
202604070306,   4.102,   4.008,9999.000,9999.000,9999.000,9999.000,9999.000,9999.000,9999.000
202604070312,   4.129,   4.057,9999.000,9999.000,9999.000,9999.000,9999.000,9999.000,9999.000
202604070318,   4.153,   4.149,9999.000,9999.000,9999.000,9999.000,9999.000,9999.000,9999.000
202604070324,   4.172,   4.198,9999.000,9999.000,9999.000,9999.000,9999.000,9999.000,9999.000
202604070330,   4.187,   4.227,9999.000,9999.000,9999.000,9999.000,9999.000,9999.000,9999.000
202604070336,   4.197,   4.227,9999.000,9999.000,9999.000,9999.000,9999.000,9999.000,9999.000
202604070342,   4.203,   4.237,9999.000,9999.000,9999.000,9999.000,9999.000,9999.000,9999.000
202604070348,   4.205,   4.247,9999.000,9999.000,9999.000,9999.000,9999.000,9999.000,9999.000
202604070354,   4.203,   4.290,9999.000,9999.000,9999.000,9999.000,9999.000,9999.000,9999.000
202604070400,   4.196,   4.300,   0.000,   0.104,   4.300,   0.000,   4.300,   0.000,   4.300
202604070406,   4.184,   4.319,9999.000,9999.000,9999.000,9999.000,9999.000,9999.000,9999.000
202604070412,   4.168,   4.329,9999.000,9999.000,9999.000,9999.000,9999.000,9999.000,9999.000
202604070418,   4.147,   4.267,9999.000,9999.000,9999.000,9999.000,9999.000,9999.000,9999.000
202604070424,   4.121,   4.227,9999.000,9999.000,9999.000,9999.000,9999.000,9999.000,9999.000
202604070430,   4.092,   4.188,9999.000,9999.000,9999.000,9999.000,9999.000,9999.000,9999.000
202604070436,   4.057,   4.188,9999.000,9999.000,9999.000,9999.000,9999.000,9999.000,9999.000
202604070442,   4.018,   4.149,9999.000,9999.000,9999.000,9999.000,9999.000,9999.000,9999.000
202604070448,   3.975,   4.090,9999.000,9999.000,9999.000,9999.000,9999.000,9999.000,9999.000
202604070454,   3.928,   4.037,9999.000,9999.000,9999.000,9999.000,9999.000,9999.000,9999.000
202604070500,   3.876,   3.998,   0.000,   0.122,   3.998,   0.000,   3.998,   0.000,   3.998
202604070506,   3.821,   3.949,9999.000,9999.000,9999.000,9999.000,9999.000,9999.000,9999.000
202604070512,   3.761,   3.890,9999.000,9999.000,9999.000,9999.000,9999.000,9999.000,9999.000
202604070518,   3.699,   3.758,9999.000,9999.000,9999.000,9999.000,9999.000,9999.000,9999.000
202604070524,   3.632,   3.689,9999.000,9999.000,9999.000,9999.000,9999.000,9999.000,9999.000
202604070530,   3.563,   3.607,9999.000,9999.000,9999.000,9999.000,9999.000,9999.000,9999.000
202604070536,   3.490,   3.607,9999.000,9999.000,9999.000,9999.000,9999.000,9999.000,9999.000
202604070542,   3.414,   3.539,9999.000,9999.000,9999.000,9999.000,9999.000,9999.000,9999.000
202604070548,   3.336,   3.470,9999.000,9999.000,9999.000,9999.000,9999.000,9999.000,9999.000
202604070554,   3.256,   3.398,9999.000,9999.000,9999.000,9999.000,9999.000,9999.000,9999.000
202604070600,   3.174,   3.339,   0.000,   0.165,   3.339,  -0.100,   3.239,   0.000,   3.339
202604070606,   3.090,   3.270,9999.000,9999.000,9999.000,9999.000,9999.000,9999.000,9999.000
202604070612,   3.004,   3.089,9999.000,9999.000,9999.000,9999.000,9999.000,9999.000,9999.000
202604070618,   2.917,   2.997,9999.000,9999.000,9999.000,9999.000,9999.000,9999.000,9999.000
202604070624,   2.829,   2.929,9999.000,9999.000,9999.000,9999.000,9999.000,9999.000,9999.000
202604070630,   2.740,   2.869,9999.000,9999.000,9999.000,9999.000,9999.000,9999.000,9999.000
202604070636,   2.651,   2.869,9999.000,9999.000,9999.000,9999.000,9999.000,9999.000,9999.000
202604070642,   2.562,   2.768,9999.000,9999.000,9999.000,9999.000,9999.000,9999.000,9999.000
202604070648,   2.472,   2.709,9999.000,9999.000,9999.000,9999.000,9999.000,9999.000,9999.000
202604070654,   2.383,   2.630,9999.000,9999.000,9999.000,9999.000,9999.000,9999.000,9999.000
202604070700,   2.295,   2.548,   0.000,   0.253,   2.548,  -0.100,   2.448,   0.000,   2.548
202604070706,   2.206,   2.479,9999.000,9999.000,9999.000,9999.000,9999.000,9999.000,9999.000
202604070712,   2.119,   2.400,9999.000,9999.000,9999.000,9999.000,9999.000,9999.000,9999.000
202604070718,   2.033,   2.220,9999.000,9999.000,9999.000,9999.000,9999.000,9999.000,9999.000
202604070724,   1.947,   2.118,9999.000,9999.000,9999.000,9999.000,9999.000,9999.000,9999.000
202604070730,   1.864,   2.020,9999.000,9999.000,9999.000,9999.000,9999.000,9999.000,9999.000
202604070736,   1.781,   2.020,9999.000,9999.000,9999.000,9999.000,9999.000,9999.000,9999.000
202604070742,   1.700,   1.958,9999.000,9999.000,9999.000,9999.000,9999.000,9999.000,9999.000
202604070748,   1.621,   1.869,9999.000,9999.000,9999.000,9999.000,9999.000,9999.000,9999.000
202604070754,   1.544,   1.790,9999.000,9999.000,9999.000,9999.000,9999.000,9999.000,9999.000
202604070800,   1.468,   1.718,   0.000,   0.250,   1.718,   0.000,   1.718,   0.000,   1.718
202604070806,   1.395,   1.649,9999.000,9999.000,9999.000,9999.000,9999.000,9999.000,9999.000
202604070812,   1.324,   1.518,9999.000,9999.000,9999.000,9999.000,9999.000,9999.000,9999.000
202604070818,   1.255,   1.459,9999.000,9999.000,9999.000,9999.000,9999.000,9999.000,9999.000
202604070824,   1.189,   1.400,9999.000,9999.000,9999.000,9999.000,9999.000,9999.000,9999.000
202604070830,   1.125,   1.338,9999.000,9999.000,9999.000,9999.000,9999.000,9999.000,9999.000
202604070836,   1.063,   1.338,9999.000,9999.000,9999.000,9999.000,9999.000,9999.000,9999.000
202604070842,   1.005,   1.269,9999.000,9999.000,9999.000,9999.000,9999.000,9999.000,9999.000
202604070848,   0.949,   1.190,9999.000,9999.000,9999.000,9999.000,9999.000,9999.000,9999.000
202604070854,   0.897,   1.161,9999.000,9999.000,9999.000,9999.000,9999.000,9999.000,9999.000
202604070900,   0.848,   1.118,   0.000,   0.270,   1.118,   0.000,   1.118,   0.000,   1.118
202604070906,   0.801,   1.079,9999.000,9999.000,9999.000,9999.000,9999.000,9999.000,9999.000
202604070912,   0.759,   1.020,9999.000,9999.000,9999.000,9999.000,9999.000,9999.000,9999.000
202604070918,   0.720,   0.951,9999.000,9999.000,9999.000,9999.000,9999.000,9999.000,9999.000
202604070924,   0.685,   0.829,9999.000,9999.000,9999.000,9999.000,9999.000,9999.000,9999.000
202604070930,   0.653,   0.780,9999.000,9999.000,9999.000,9999.000,9999.000,9999.000,9999.000
202604070936,   0.626,   0.780,9999.000,9999.000,9999.000,9999.000,9999.000,9999.000,9999.000
202604070942,   0.602,   0.770,9999.000,9999.000,9999.000,9999.000,9999.000,9999.000,9999.000
202604070948,   0.583,   0.731,9999.000,9999.000,9999.000,9999.000,9999.000,9999.000,9999.000
202604070954,   0.568,   0.708,9999.000,9999.000,9999.000,9999.000,9999.000,9999.000,9999.000
202604071000,   0.558,   0.669,   0.000,   0.111,   0.669,   0.000,   0.669,   0.000,   0.669
202604071006,   0.551,   0.619,9999.000,9999.000,9999.000,9999.000,9999.000,9999.000,9999.000
202604071012,   0.550,   0.629,9999.000,9999.000,9999.000,9999.000,9999.000,9999.000,9999.000
202604071018,   0.552,   0.600,9999.000,9999.000,9999.000,9999.000,9999.000,9999.000,9999.000
202604071024,   0.559,   0.610,9999.000,9999.000,9999.000,9999.000,9999.000,9999.000,9999.000
202604071030,   0.571,   0.570,9999.000,9999.000,9999.000,9999.000,9999.000,9999.000,9999.000
202604071036,   0.586,   0.570,9999.000,9999.000,9999.000,9999.000,9999.000,9999.000,9999.000
202604071042,   0.607,   0.531,9999.000,9999.000,9999.000,9999.000,9999.000,9999.000,9999.000
202604071048,   0.631,   0.541,9999.000,9999.000,9999.000,9999.000,9999.000,9999.000,9999.000
202604071054,   0.659,   0.518,9999.000,9999.000,9999.000,9999.000,9999.000,9999.000,9999.000
202604071100,   0.691,   0.551,   0.000,  -0.140,   0.551,   0.000,   0.551,   0.000,   0.551
202604071106,   0.727,   0.619,9999.000,9999.000,9999.000,9999.000,9999.000,9999.000,9999.000
202604071112,   0.767,   0.678,9999.000,9999.000,9999.000,9999.000,9999.000,9999.000,9999.000
202604071118,   0.810,   0.718,9999.000,9999.000,9999.000,9999.000,9999.000,9999.000,9999.000
202604071124,   0.856,   0.751,9999.000,9999.000,9999.000,9999.000,9999.000,9999.000,9999.000
202604071130,   0.905,   0.790,9999.000,9999.000,9999.000,9999.000,9999.000,9999.000,9999.000
202604071136,   0.957,   0.780,9999.000,9999.000,9999.000,9999.000,9999.000,9999.000,9999.000
202604071142,   1.011,   0.859,9999.000,9999.000,9999.000,9999.000,9999.000,9999.000,9999.000
202604071148,   1.068,   0.869,9999.000,9999.000,9999.000,9999.000,9999.000,9999.000,9999.000
202604071154,   1.127,   0.898,9999.000,9999.000,9999.000,9999.000,9999.000,9999.000,9999.000
202604071200,   1.188,   0.970,   0.000,  -0.218,   0.970,   0.000,   0.970,   0.000,   0.970
202604071206,   1.250,   1.020,9999.000,9999.000,9999.000,9999.000,9999.000,9999.000,9999.000
202604071212,   1.314,   1.029,9999.000,9999.000,9999.000,9999.000,9999.000,9999.000,9999.000
202604071218,   1.379,   1.180,9999.000,9999.000,9999.000,9999.000,9999.000,9999.000,9999.000
202604071224,   1.446,   1.220,9999.000,9999.000,9999.000,9999.000,9999.000,9999.000,9999.000
202604071230,   1.513,   1.279,9999.000,9999.000,9999.000,9999.000,9999.000,9999.000,9999.000
202604071236,   1.581,   1.279,9999.000,9999.000,9999.000,9999.000,9999.000,9999.000,9999.000
202604071242,   1.649,   1.361,9999.000,9999.000,9999.000,9999.000,9999.000,9999.000,9999.000
202604071248,   1.718,   1.420,9999.000,9999.000,9999.000,9999.000,9999.000,9999.000,9999.000
202604071254,   1.787,   1.449,9999.000,9999.000,9999.000,9999.000,9999.000,9999.000,9999.000
202604071300,   1.856,   1.498,   0.000,  -0.358,   1.498,   0.000,   1.498,   0.000,   1.498
202604071306,   1.925,   1.580,9999.000,9999.000,9999.000,9999.000,9999.000,9999.000,9999.000
202604071312,   1.994,   1.659,9999.000,9999.000,9999.000,9999.000,9999.000,9999.000,9999.000
202604071318,   2.062,   1.840,9999.000,9999.000,9999.000,9999.000,9999.000,9999.000,9999.000
202604071324,   2.130,   1.899,9999.000,9999.000,9999.000,9999.000,9999.000,9999.000,9999.000
202604071330,   2.197,   1.928,9999.000,9999.000,9999.000,9999.000,9999.000,9999.000,9999.000
202604071336,   2.264,   1.928,9999.000,9999.000,9999.000,9999.000,9999.000,9999.000,9999.000
202604071342,   2.329,   2.000,9999.000,9999.000,9999.000,9999.000,9999.000,9999.000,9999.000
202604071348,   2.394,   2.079,9999.000,9999.000,9999.000,9999.000,9999.000,9999.000,9999.000
202604071354,   2.457,   2.138,9999.000,9999.000,9999.000,9999.000,9999.000,9999.000,9999.000
202604071400,   2.519,   2.168,   0.000,  -0.351,   2.168,   0.000,   2.168,   0.000,   2.168
202604071406,   2.579,   2.230,9999.000,9999.000,9999.000,9999.000,9999.000,9999.000,9999.000
202604071412,   2.638,   2.289,9999.000,9999.000,9999.000,9999.000,9999.000,9999.000,9999.000
202604071418,   2.695,   2.338,9999.000,9999.000,9999.000,9999.000,9999.000,9999.000,9999.000
202604071424,   2.750,   2.440,9999.000,9999.000,9999.000,9999.000,9999.000,9999.000,9999.000
202604071430,   2.803,   2.519,9999.000,9999.000,9999.000,9999.000,9999.000,9999.000,9999.000
202604071436,   2.853,   2.519,9999.000,9999.000,9999.000,9999.000,9999.000,9999.000,9999.000
202604071442,   2.902,   2.578,9999.000,9999.000,9999.000,9999.000,9999.000,9999.000,9999.000
202604071448,   2.947,   2.597,9999.000,9999.000,9999.000,9999.000,9999.000,9999.000,9999.000
202604071454,   2.991,   2.640,9999.000,9999.000,9999.000,9999.000,9999.000,9999.000,9999.000
202604071500,   3.031,   2.669,   0.000,  -0.362,   2.669,   0.000,   2.669,   0.000,   2.669
202604071506,   3.068,   2.689,9999.000,9999.000,9999.000,9999.000,9999.000,9999.000,9999.000
202604071512,   3.103,   2.719,9999.000,9999.000,9999.000,9999.000,9999.000,9999.000,9999.000
202604071518,   3.134,   2.869,9999.000,9999.000,9999.000,9999.000,9999.000,9999.000,9999.000
202604071524,   3.161,   2.869,9999.000,9999.000,9999.000,9999.000,9999.000,9999.000,9999.000
202604071530,   3.185,   2.869,9999.000,9999.000,9999.000,9999.000,9999.000,9999.000,9999.000
202604071536,   3.206,   2.869,9999.000,9999.000,9999.000,9999.000,9999.000,9999.000,9999.000
202604071542,   3.223,   2.909,9999.000,9999.000,9999.000,9999.000,9999.000,9999.000,9999.000
202604071548,   3.236,   2.929,9999.000,9999.000,9999.000,9999.000,9999.000,9999.000,9999.000
202604071554,   3.245,   2.948,9999.000,9999.000,9999.000,9999.000,9999.000,9999.000,9999.000
202604071600,   3.251,   2.978,   0.000,  -0.273,   2.978,  -0.100,   2.878,   0.000,   2.978
202604071606,   3.252,   2.938,9999.000,9999.000,9999.000,9999.000,9999.000,9999.000,9999.000
202604071612,   3.249,   2.938,9999.000,9999.000,9999.000,9999.000,9999.000,9999.000,9999.000
202604071618,   3.242,   2.978,9999.000,9999.000,9999.000,9999.000,9999.000,9999.000,9999.000
202604071624,   3.232,   2.938,9999.000,9999.000,9999.000,9999.000,9999.000,9999.000,9999.000
202604071630,   3.217,   2.909,9999.000,9999.000,9999.000,9999.000,9999.000,9999.000,9999.000
202604071636,   3.197,   2.909,9999.000,9999.000,9999.000,9999.000,9999.000,9999.000,9999.000
202604071642,   3.174,   2.899,9999.000,9999.000,9999.000,9999.000,9999.000,9999.000,9999.000
202604071648,   3.147,   2.860,9999.000,9999.000,9999.000,9999.000,9999.000,9999.000,9999.000
202604071654,   3.116,   2.850,9999.000,9999.000,9999.000,9999.000,9999.000,9999.000,9999.000
202604071700,   3.081,   2.807,  -0.100,  -0.174,   2.807,  -0.100,   2.807,   0.000,   2.907
202604071706,   3.042,   2.807,9999.000,9999.000,9999.000,9999.000,9999.000,9999.000,9999.000
202604071712,   3.000,   2.787,9999.000,9999.000,9999.000,9999.000,9999.000,9999.000,9999.000
202604071718,   2.954,   2.728,9999.000,9999.000,9999.000,9999.000,9999.000,9999.000,9999.000
202604071724,   2.904,   2.679,9999.000,9999.000,9999.000,9999.000,9999.000,9999.000,9999.000
202604071730,   2.852,   2.620,9999.000,9999.000,9999.000,9999.000,9999.000,9999.000,9999.000
202604071736,   2.797,   2.620,9999.000,9999.000,9999.000,9999.000,9999.000,9999.000,9999.000
202604071742,   2.738,   2.558,9999.000,9999.000,9999.000,9999.000,9999.000,9999.000,9999.000
202604071748,   2.677,   2.499,9999.000,9999.000,9999.000,9999.000,9999.000,9999.000,9999.000
202604071754,   2.614,   2.479,9999.000,9999.000,9999.000,9999.000,9999.000,9999.000,9999.000
202604071800,   2.549,   2.430,   0.000,  -0.119,   2.430,   0.000,   2.430,   0.000,   2.430
202604071806,   2.482,   2.420,9999.000,9999.000,9999.000,9999.000,9999.000,9999.000,9999.000
202604071812,   2.413,   2.358,9999.000,9999.000,9999.000,9999.000,9999.000,9999.000,9999.000
202604071818,   2.343,   2.289,9999.000,9999.000,9999.000,9999.000,9999.000,9999.000,9999.000
202604071824,   2.272,   2.220,9999.000,9999.000,9999.000,9999.000,9999.000,9999.000,9999.000
202604071830,   2.201,   2.158,9999.000,9999.000,9999.000,9999.000,9999.000,9999.000,9999.000
202604071836,   2.129,   2.158,9999.000,9999.000,9999.000,9999.000,9999.000,9999.000,9999.000
202604071842,   2.056,   2.079,9999.000,9999.000,9999.000,9999.000,9999.000,9999.000,9999.000
202604071848,   1.984,   2.010,9999.000,9999.000,9999.000,9999.000,9999.000,9999.000,9999.000
202604071854,   1.912,   1.967,9999.000,9999.000,9999.000,9999.000,9999.000,9999.000,9999.000
202604071900,   1.840,   1.928,   0.000,   0.088,   1.928,   0.000,   1.928,   0.000,   1.928
202604071906,   1.770,   1.899,9999.000,9999.000,9999.000,9999.000,9999.000,9999.000,9999.000
202604071912,   1.700,   1.840,9999.000,9999.000,9999.000,9999.000,9999.000,9999.000,9999.000
202604071918,   1.632,   1.708,9999.000,9999.000,9999.000,9999.000,9999.000,9999.000,9999.000
202604071924,   1.565,   1.639,9999.000,9999.000,9999.000,9999.000,9999.000,9999.000,9999.000
202604071930,   1.500,   1.610,9999.000,9999.000,9999.000,9999.000,9999.000,9999.000,9999.000
202604071936,   1.436,   1.610,9999.000,9999.000,9999.000,9999.000,9999.000,9999.000,9999.000
202604071942,   1.374,   1.557,9999.000,9999.000,9999.000,9999.000,9999.000,9999.000,9999.000
202604071948,   1.315,   1.469,9999.000,9999.000,9999.000,9999.000,9999.000,9999.000,9999.000
202604071954,   1.258,   1.449,9999.000,9999.000,9999.000,9999.000,9999.000,9999.000,9999.000
202604072000,   1.202,   1.400,   0.000,   0.198,   1.400,  -0.100,   1.300,   0.000,   1.400
202604072006,   1.150,   1.361,9999.000,9999.000,9999.000,9999.000,9999.000,9999.000,9999.000
202604072012,   1.099,   1.289,9999.000,9999.000,9999.000,9999.000,9999.000,9999.000,9999.000
202604072018,   1.052,   1.200,9999.000,9999.000,9999.000,9999.000,9999.000,9999.000,9999.000
202604072024,   1.007,   1.098,9999.000,9999.000,9999.000,9999.000,9999.000,9999.000,9999.000
202604072030,   0.964,   1.049,9999.000,9999.000,9999.000,9999.000,9999.000,9999.000,9999.000
202604072036,   0.924,   1.049,9999.000,9999.000,9999.000,9999.000,9999.000,9999.000,9999.000
202604072042,   0.887,   1.039,9999.000,9999.000,9999.000,9999.000,9999.000,9999.000,9999.000
202604072048,   0.853,   0.980,9999.000,9999.000,9999.000,9999.000,9999.000,9999.000,9999.000
202604072054,   0.822,   0.951,9999.000,9999.000,9999.000,9999.000,9999.000,9999.000,9999.000
202604072100,   0.794,   0.888,   0.000,   0.094,   0.888,  -0.100,   0.788,   0.000,   0.888
202604072106,   0.768,   0.869,9999.000,9999.000,9999.000,9999.000,9999.000,9999.000,9999.000
202604072112,   0.746,   0.859,9999.000,9999.000,9999.000,9999.000,9999.000,9999.000,9999.000
202604072118,   0.727,   0.810,9999.000,9999.000,9999.000,9999.000,9999.000,9999.000,9999.000
202604072124,   0.711,   0.741,9999.000,9999.000,9999.000,9999.000,9999.000,9999.000,9999.000
202604072130,   0.698,   0.708,9999.000,9999.000,9999.000,9999.000,9999.000,9999.000,9999.000
202604072136,   0.689,   0.708,9999.000,9999.000,9999.000,9999.000,9999.000,9999.000,9999.000
202604072142,   0.683,   0.688,9999.000,9999.000,9999.000,9999.000,9999.000,9999.000,9999.000
202604072148,   0.681,   0.669,9999.000,9999.000,9999.000,9999.000,9999.000,9999.000,9999.000
202604072154,   0.682,   0.649,9999.000,9999.000,9999.000,9999.000,9999.000,9999.000,9999.000
202604072200,   0.687,   0.639,  -0.100,   0.052,   0.639,  -0.100,   0.639,   0.000,   0.739
202604072206,   0.696,   0.659,9999.000,9999.000,9999.000,9999.000,9999.000,9999.000,9999.000
202604072212,   0.708,   0.688,9999.000,9999.000,9999.000,9999.000,9999.000,9999.000,9999.000
202604072218,   0.724,   0.718,9999.000,9999.000,9999.000,9999.000,9999.000,9999.000,9999.000
202604072224,   0.744,   0.770,9999.000,9999.000,9999.000,9999.000,9999.000,9999.000,9999.000
202604072230,   0.768,   0.780,9999.000,9999.000,9999.000,9999.000,9999.000,9999.000,9999.000
202604072236,   0.795,   0.780,9999.000,9999.000,9999.000,9999.000,9999.000,9999.000,9999.000
202604072242,   0.827,   0.819,9999.000,9999.000,9999.000,9999.000,9999.000,9999.000,9999.000
202604072248,   0.862,   0.888,9999.000,9999.000,9999.000,9999.000,9999.000,9999.000,9999.000
202604072254,   0.900,   0.941,9999.000,9999.000,9999.000,9999.000,9999.000,9999.000,9999.000
202604072300,   0.943,   0.990,  -0.100,   0.147,   0.990,  -0.100,   0.990,   0.000,   1.090
202604072306,   0.988,   1.049,9999.000,9999.000,9999.000,9999.000,9999.000,9999.000,9999.000
202604072312,   1.038,   1.098,9999.000,9999.000,9999.000,9999.000,9999.000,9999.000,9999.000
202604072318,   1.090,   1.128,9999.000,9999.000,9999.000,9999.000,9999.000,9999.000,9999.000
202604072324,   1.145,   1.249,9999.000,9999.000,9999.000,9999.000,9999.000,9999.000,9999.000
202604072330,   1.204,   1.308,9999.000,9999.000,9999.000,9999.000,9999.000,9999.000,9999.000
202604072336,   1.265,   1.308,9999.000,9999.000,9999.000,9999.000,9999.000,9999.000,9999.000
202604072342,   1.328,   1.361,9999.000,9999.000,9999.000,9999.000,9999.000,9999.000,9999.000
202604072348,   1.394,   1.439,9999.000,9999.000,9999.000,9999.000,9999.000,9999.000,9999.000
202604072354,   1.462,   1.479,9999.000,9999.000,9999.000,9999.000,9999.000,9999.000,9999.000
202604080000,   1.532,   1.538,   0.000,   0.006,   1.538,   0.000,   1.538,   0.000,   1.538
202604080006,   1.604,   1.610,9999.000,9999.000,9999.000,9999.000,9999.000,9999.000,9999.000
202604080012,   1.677,   1.659,9999.000,9999.000,9999.000,9999.000,9999.000,9999.000,9999.000
202604080018,   1.752,   1.820,9999.000,9999.000,9999.000,9999.000,9999.000,9999.000,9999.000
202604080024,   1.827,   1.889,9999.000,9999.000,9999.000,9999.000,9999.000,9999.000,9999.000
202604080030,   1.904,   1.948,9999.000,9999.000,9999.000,9999.000,9999.000,9999.000,9999.000
202604080036,   1.981,   1.948,9999.000,9999.000,9999.000,9999.000,9999.000,9999.000,9999.000
202604080042,   2.058,   2.020,9999.000,9999.000,9999.000,9999.000,9999.000,9999.000,9999.000
202604080048,   2.136,   2.059,9999.000,9999.000,9999.000,9999.000,9999.000,9999.000,9999.000
